2424055608
211044387
1182708384
4177680375
3204799916
684045945
1363588352
519162430
661247377
2123476851
3178546753
690056852
3407673049
385674949
179800733
157308732
3024488437
3615025301
578934
1044575406
732323006
3740273031
1824532805
2884347421
4067106002
116195824
3926670053
106299308
161595609
1537209549
171752602
1952086162
619983689
1872817236
1638366035
1812424622
2094881180
3292698739
2911249687
3399387994
3279982832
2446144357
483902150
3649378733
3511073477
1505210532
143079976
1314962937
2242593279
2925726317
2300036984
3125268643
399593682
3087035601
656374885
949963500
3506641977
206403064
4075542242
2916344865
3665353252
1944036873
1342295415
4063605213
1740642620
490060430
466666031
213771365
790268292
2679305991
3069268385
891441255
160743638
1151112696
4250409846
3370009738
2141845406
1169037420
3515140536
1965444771
1615619951
2480651523
813553799
734361722
27800987
330426540
882092967
510223570
128379334
1021228404
3392823132
2305574528
2449556691
1298530376
3868661666
2873385682
962858480
3264600101
3725935148
1806343148
3209940234
2645594609
1503965818
2183749646
975326664
640060551
3966025510
305100784
136878989
4083128198
377517139
2235572505
2976864770
3998101348
2299599982
2885323758
1048843693
420769197
1983230430
135075675
1022643640
3156152064
1982137373
1836635488
2902358954
2186816127
1673451163
3325514388
2759225778
856945948
73378070
2910777840
2740851408
3560337047
4014528533
2761360545
4287481088
3377236387
2323662447
926083876
813651787
4195597542
3967984862
2221840201
2557522200
2679149900
3548277936
1721539019
452353775
4024318889
391753353
422448570
3294773044
508003820
1562367762
3352451267
1762886537
3281723001
1894981869
2535830452
1422464551
4204183162
2846288022
1762017430
3545990650
3918530310
1922827196
3008870051
2289675006
1604354943
2591465330
3425158791
3031025872
1808166112
90519857
791674418
2002396729
352964848
2918010605
2969029840
873647985
505002570
2396797941
1023580574
365092699
1857313109
2493914555
1975909731
3742659332
1379356184
1165883136
792953286
2929104607
2928796887
2551576731
64500116
1627118639
1605525737
2089125517
1544615661
4171345630
807036801
922088005
591718311
1542342041
3029596247
1667086967
1624989200
1268769332
3225303492
1528074178
2282565763
4282962901
3087708137
4220673302
3399494879
2342197719
3935512599
4069309128
3927069873
1030759111
2365753083
3798522432
1184307764
3612709282
3355568140
1645956582
2558503373
3540435490
788489352
1756716567
3237290468
2273466075
791794029
3017036678
492828141
3366225007
1940178349
4117653440
1744165053
2960468309
62381694
646847444
1346486596
3565202475
1681674738
1437065282
167892979
2244535422
3439542942
2658120418
3249584243
1327152351
953199783
369222344
3396614560
47997691
1325213948
1152796612
2430385255
1301916703
791361037
4039759856
3306292306
47876373
4029347683
2284321022
1853646862
2205925651
3241132682
1025563178
445815311
1152355569
3671891243
2423846254
1406740536
2853196882
4157382327
4083148061
3572056093
4232399258
1006313605
1267415346
3488206910
2876716594
986492743
3806652870
2384739977
1868108486
1668845792
149653276
495958407
2304700624
3968441519
4191624933
2386170639
2946062708
1978654084
3742321545
3134985904
4060021533
1551200714
536567374
715207132
985520461
884209584
2566062664
2676146752
145603699
52346996
3447696009
2571960680
3810556803
165446108
625963636
205180696
3344870733
765654360
480549438
3251478152
91366201
1300842465
3690679675
3238253931
3460039596
1423257240
1854120515
189783820
2861231129
2918374606
2309626107
3916209008
3013932868
3173134405
3718157003
3032459178
929607931
416417522
895423584
2174805204
3291347118
3398762628
569317362
4112257294
3371282917
1894794010
2948876211
655796684
1170248143
940201634
3139737780
2233294851
2054189364
2036906304
701958603
2469803558
4173764739
2024903636
1354241413
3392977676
473735127
3934217801
73371787
827993665
1157375242
700343343
3927488787
3975235152
3452471341
1377556911
3561075151
859955593
1939745227
2452572556
563144375
2830627257
1728730239
381110434
673521424
428501442
3008927379
2755498507
288096299
835242528
3119343333
3735307629
4173129284
3424147648
738204485
2326319612
2403319893
1113943043
344857998
1978772222
2652920247
3443353439
1617476917
3357731838
2166225098
1490076279
2841639809
3945832390
3760280582
2078709291
233201942
4099595431
962388671
1776535287
4069638597
3300507194
68801307
1074457218
236583021
4243429286
817028075
4289744952
3608927548
2112711715
3212364170
131475538
774263754
2905634196
4093574708
3644542563
401571036
3516545070
3007193396
2987323696
1259444459
3384565785
4133579585
929129141
1015534509
1388652113
2971055456
3458718843
4283777250
3424483060
2601039081
1754718574
1367194447
2017772138
2148010069
1408362128
3653309941
3038927103
954472501
3205205397
2435379086
3390663018
3623068777
1643886599
2425658558
3424269991
3098694492
122556588
725952027
2598383294
3328506034
3030975478
3558746153
3734676864
2461273473
2754589543
2353700181
492769199
768448041
3779886813
2616228355
2670116688
3139735905
268931190
3962655518
329752359
1580784965
969607669
3490565252
4084469077
3035545862
960395148
1018761966
2804969468
1259066692
2367183690
3971624226
3811824749
298804027
1904933896
2886454071
1903474998
1581427452
4280365478
2610622508
3163882523
2252822620
3346543445
2868093590
3814629117
1306303245
3284152028
3190402037
2314169866
676390266
1421365472
3680276454
1304388685
1401504288
3107868565
387744804
1270552702
3035072432
1212152173
2661962674
4115770496
2553652732
1252647475
1834418764
2815262169
249766360
385846764
2555147258
2474064849
1791356437
811977225
3174463213
3379147826
3823815035
956416923
792467827
119029971
1634978357
3416681862
258048312
3842898737
3222416592
3776100930
3616543915
1186544003
834867078
3923009612
2849836306
2192487075
3046659392
2708848638
1341715652
3623094249
602347112
1896254107
1608834786
947731451
518596445
299738967
1331109094
4032446746
493907032
3254521770
75158058
3701539006
3419944807
2108818707
1047019952
968087515
793572758
3448047621
1715020607
1266989346
2141486933
4222809552
3995056230
1781945784
2279890905
470598559
2937715278
3775330300
3985423627
2067494945
2632442309
3293014104
2808362859
2085835365
648742520
1568584745
3655895633
3945714827
1116239925
4294844863
1858057120
3020415025
2033299550
866327094
1831717198
329288178
2070676215
2171639147
1284794422
366755789
1666919958
2996169199
1525580960
1389095651
1329839902
1246172164
285318741
2604573942
3742093626
3284758867
2577363796
1729084868
1387103916
2284059469
1305806269
4170527752
3257573561
3455998817
1522039880
1721308708
1719179647
116807736
2559076317
625280354
2831906224
2392092699
3866184761
3729904216
4061804571
4284812476
1702002731
1544115927
2909151577
562140831
2977650761
648319045
1682675622
1729380590
249381950
939367240
2601355994
3830581288
511371375
1572926298
639276125
2425407143
1498121551
2544553172
797778033
1735933100
693354739
1611373884
2402740844
1813332495
1665178737
3120146374
2664334376
971274340
3708086864
1194656567
3952054169
3406577348
3150744047
2335794033
182190530
192060015
2014188311
255612404
2246533758
1346200335
3601728773
4032244566
2692547632
1384330188
3704354311
3835626156
1311076171
3272773892
2306227847
3290948414
214747465
1612747972
1439497692
2171638243
3952900669
2549626199
166623133
1877235194
3725909150
401258912
3420896349
3175084881
3053654833
768197686
1848915885
336566486
3582530136
4287708836
1543855935
927654062
2698793128
3400877357
889642833
3375052095
961567087
2528055573
2637248274
278330273
3137399880
244275890
1021688833
175687504
3235075828
2009769132
2000797221
839415535
62915014
502610524
2224016944
3991486803
3731034077
1318253357
1671631069
3252289411
570513820
359509343
3960800029
3968212206
3510118818
2131814010
1848678309
2693119114
529743263
899208825
3254577782
3511022286
3321035201
3760717570
3500905672
2373921600
1354586777
285581946
1180311071
608631216
3959532308
673213505
1199158084
4119981598
2307680342
4117728516
4071409021
1709971891
4024742440
1788236074
1454000492
1404115022
721186986
3644028700
2589002112
1211092284
314410499
1623697133
4074775848
452458286
2838860470
1159436823
1750562009
1101545006
2337908858
326203918
2492306105
28017406
891600476
2936980885
3838204616
2457949839
3082853577
1295918357
3580130606
47420410
4239795703
2176105758
2330411807
1104358511
1541651342
3059290696
3996101702
3266424295
3453986798
924103757
3943280337
2241599731
4262438851
1361917244
3132534876
3905386458
4053084265
1055628178
1070970398
2114043647
332759090
3465544591
543850327
538398592
1220096017
2044415730
726538652
3353986958
3595556084
3316147805
3589673220
3047971236
4242642196
3226977029
3727909353
3839938084
1703776408
991660553
2552471286
1625112721
2877754566
728081147
2553832810
3980318274
1348150311
301600094
328878492
2392745523
1623350863
3252929905
859016006
3564574705
3929218824
3788900191
2028801709
3710492974
1996509848
3003847178
3961045079
877985746
2483898459
1569069165
1638236841
1724761978
3357858955
4230461940
3128861550
27395921
144861496
4043966217
2758718083
1669131876
1993159981
2289714155
1103511851
3121534613
1045718580
3549343756
4103975941
312254177
4045279169
146014132
927132061
3601668000
265710755
2827726180
275282700
3603812233
4103516137
3183939658
627022091
2799063313
2084397365
593422621
3478446629
3377135603
3080428109
2817433072
1752983897
2663210017
611711154
3719349641
774999916
4268429540
1698626143
3976559704
747257044
789515158
3257040759
315212478
1775244687
4243850961
2995799543
664348818
1657918054
1128919676
1556422076
1021858069
1566925858
335446824
3064477916
3897181127
495412395
4009679044
1020465743
1288599100
2551425857
691587282
3559928646
3461417482
961253463
3268881826
2830553589
3430772885
4160927605
4203304432
3516855024
1248277471
2531825418
2562023592
3927590086
3091433355
1500929864
1516478647
1546349305
3507892178
3115112793
927834192
2600391498
720837294
3115625073
3359902269
2344756606
4293931991
1258312714
2732446424
801371566
2304800301
1335382367
167311224
661538984
3258422371
2208723327
3734209743
2476614771
3610027376
3275142198
797620121
2759876285
3538499729
4033892478
2462366627
3702709624
1908072011
2944792679
1748089062
3262950660
2413590075
1758342007
4099647454
3943988464
677935177
3019166229
2140155713
2405151420
129591127
3767403047
3357937100
2409520395
2333618525
511967018
851077379
1698785102
3022048339
3042974115
3283504305
2378910094
1212276618
743446287
2812961590
3285228809
3830902896
2095780881
836591069
591308658
619478702
3392029531
1425647594
1676830317
2498697928
1546448699
4172875636
644173631
2745002339
721726609
3232074890
518822983
364988938
1612478996
2507935321
458044158
2275238516
956466180
2357874171
