1010101110001100010011000011001
1010001101111000000010000011110
110011100111100101001000011010
10100101110000110010000110100
110001011011011010100010001110
11010101010101110001101101110100
11011100100011100011011000111
11100001010001000101111111110011
11000010010101111101110101011101
11001000000111110100011110111001
1110101101111100101011101011100
11011000100011111011001011110100
1100101101101001000010111110111
1000111111100001010011011101111
10001110011000100101001101010110
11011001100000100110010010011000
10000001100110100011101110110100
100111010010011000010100000110
10111100100000000110110000001111
11000100101010110000111001011110
11100101000101010001100000011111
100100000000101001110000010001
1100010100101101101010000100000
1000011110110010110101110
1100110010111001011011011001
111100010000110010001101110010
11111110101111111101101000100010
1100000110110010111011001010
1100011010111000110101011111001
10110010001011000101111100001101
1100010111101101100111110000100
10000110101101001010101111111000
100011000011000111111100011110
1111001101001100100000100001011
100011001001101001011111110101
11001110001000101011000100010110
100001000000111000010100010100
10010010100110010101010111010
11010001110101000000000001010011
11010001000010001100100000000010
10010110101101011010100011010011
1001001000110000100101111000101
1111101100000001101100011000111
100000001010010010000111000111
11010000110001011000011100101011
1000011010110000110000000010010
11101001100010110110110100101
1100010001111001110000110100011
10010011100101101010001000001
10100100011000000010010100000100
10101011000011100100001111100010
1011011101110001010010101101110
11100101111001000000000100110100
11010100010000101011001001111001
1011111000100111010001001111011
1001001011010011100000011101101
1111010011011111010001010000001
1110110100011110110101101011001
11011100011000001100111111010110
11110010000111011010110100011011
1011010110110111011100000101000
10111111010101011011001100001000
10011100100111110010101000011110
10010000001000010010111100011001
10111010111101001000110101110000
10011111110110001111101010000111
1011100001100011010110010100101
1100100100101111110101000000001
11001100111111001011001001011000
11110110000111111110000110010111
1011011000000101011101101100101
1000000011100000101000100110001