010101011100011000100110000110010101000110111100000001000001111000110011100111100101001000011010000101001011100001100100001101000011000101101101101010001000111011010101010101110001101101110100000110111001000111000110110001111110000101000100010111111111001111000010010101111101110101011101110010000001111101000111101110010111010110111110010101110101110011011000100011111011001011110100
011001011011010010000101111101110100011111110000101001101110111110001110011000100101001101010110110110011000001001100100100110001000000110011010001110111011010000100111010010011000010100000110101111001000000001101100000011111100010010101011000011100101111011100101000101010001100000011111001001000000001010011100000100010110001010010110110101000010000000000001000011110110010110101110
000011001100101110010110110110010011110001000011001000110111001011111110101111111101101000100010000011000001101100101110110010100110001101011100011010101111100110110010001011000101111100001101011000101111011011001111100001001000011010110100101010111111100000100011000011000111111100011110011110011010011001000001000010110010001100100110100101111111010111001110001000101011000100010110
001000010000001110000101000101000001001001010011001010101011101011010001110101000000000001010011110100010000100011001000000000101001011010110101101010001101001101001001000110000100101111000101011111011000000011011000110001110010000000101001001000011100011111010000110001011000011100101011010000110101100001100000000100100001110100110001011011011010010101100010001111001110000110100011
000100100111001011010100010000011010010001100000001001010000010010101011000011100100001111100010010110111011100010100101011011101110010111100100000000010011010011010100010000101011001001111001010111110001001110100010011110110100100101101001110000001110110101111010011011111010001010000001011101101000111101101011010110011101110001100000110011111101011011110010000111011010110100011011
010110101101101110111000001010001011111101010101101100110000100010011100100111110010101000011110100100000010000100101111000110011011101011110100100011010111000010011111110110001111101010000111010111000011000110101100101001010110010010010111111010100000000111001100111111001011001001011000111101100001111111100001100101110101101100000010101110110110010101000000011100000101000100110001
111110000001111000010000101001111101100011111000110001100100101101110001011010000000001011000100011111001111101100011001100111001110000110101111100000000000101111001000010010000011111100110111001000101111101110110110110111000000101000001011101011001010001011110110000011110011010011101111010100100111001110111001101101000111110110110001000000110000101101001100001000101011001110111010
000011111011110001010110011011001011010101001001110000100111001111101110001001000010010111000010001010110111111011000100100100010110110100001010000001101100111000111101010010100000001101010000101010101000001010000001001111011100010100010001001011110101010000000011000111110101101111001110000110000101001010110111001101010010110010000101000110110001110100100001110100011110110101110101
011110111000110011000000000111100100011100000000011100011001010101111001010111101101111110001010101111100000100010111100110001100100100010001010101010010101000110101100111011110111100110101100110011110000011011010101001110110101111111111111001011011010101000110110101111110110111111001001001011100101100001110010001000110001111100000110011011110101001010001000000111101100010010000100
000010111011101010111110110111110010010011111101011001110011001010110010101001001001011111111111000001100101101001100000001001011010010101011101010111001110010011010011010000110000111110111111010001111111011010110011011011100011111111100011010100000011100001010101010001100111000001001111000011001000101011000000111000010110101010011001011011001110111010111100000110101100011110001000
011000001110001001111010111001011110000111111110111100111100111101100001011101011001010110000101000100110011111011111101001101111101011111111101110001011111101101000011011010110001110110001111100100011000010001001111100101000111111101111101001110101010001101000110010100000110011111010010000101010100010010011110100000010100011001110011000001001101001001111110000010101111101010010001
011000101100001010100011100010000111010001101111101100000101110110001101000001100101001111100111010110100111110000101011100101001100000110110110110000101100111111001010011010111101011010101100001111101100111000001101101111010111000111001110110111101010000111011110111110101000000111001001110100110000110010000011010111011110110111010000000100110110001110011101010111111101011110111101
100111011010010101000110101010010010001101111010001111011111010000010000111010010000111100111001011100110100100111100011000000110101111010100001111011101000100000010100110000111101010010110110111010111100001111110001010010010000000100011011001111001011111100100010000011011101111010011110010110110010100101111110101101000000010010011110111110101011010111111001011011101101101101111000
010101100011000001110001111010010011010110111010010101000100010000010111010010001100100001100010100111010000010111010011010001010101000011111111110111100010001011000011110111100110101101101011111101111011111000010011111101000010001110011010010000010111111000000110100101101000000111001010010000111001111101001001000100001001010100111001001010010001001010100100110110011000010100001101
111001110100101000110010100001010001111001010111100111100010010010001110001101100010000010100010010010101001101110010100011001111000101110100100101000011011101011111001010000111001011010011000010101101000011100101111110100110001000101101000101011011100111100001001110101011000101101001110001101111111101010000110101101111001101001110101110010111011011000001100111010011111000010000000
100101001100011000100100111110000000001011110111011111000000110101011000000101001101000110111011101010000010000001100111100000001000011010001110101100001101000110111111000111000010000100110110100100110010110100001101110000010011110100101011010100111001010000001001111010000000111100100101000001110101110101111010000010101111101000011110011111110011100000100100100100001100001001010101