1439049241
1371276318
866013722
347628596
829270158
3579255668
462538439
3779354611
3260538205
3357493177
1975408476
3633296116
1706329591
1206953711
2388808534
3649201304
2174368692
659129606
3162532879
3299544670
3843364895
604150801
1654051872
17786286
214669017
1011032946
4273986082
203108042
1667001081
2989252365
1660342148
2259987448
588021534
2040938763
589731829
3458380054
553878804
307440314
3520331859
3507013634
2528487635
1226329029
2105596103
539566535
3502606123
1129865234
489778597
1648157091
309515329
2757764356
2869838818
1538827630
3856924980
3561140857
1595122299
1231667437
2054136449
1989110617
3697332182
4062031131
1524348968
3210064648
2627676702
2418093849
3136589168
2681797255
1546759333
1687677441
3439112792
4129284503
1526905701
1081102641
4162719911
3640182347
1902641860
2096830876
3786375179
3360177975
586921692
168537250
4128191727
1383315892
2108752651
1277342650
264001132
3041510003
3995346370
729728145
1829373646
1028260688
2860679485
3306237780
52386766
408074037
746920733
567405941
2072821790
1191211413
2036260746
3188243654
1217046865
2901375404
3473331515
1610558890
918515657
777548323
520515410
2283717764
196787935
620586802
2997131263
106586149
2774359268
3544387519
1207350126
1071861816
1430679631
210419937
1788439790
3155871624
1625455333
3791582159
1635095941
322895159
3623732731
1131093391
2441367444
2138913443
1179674578
356818561
1181942994
2114648721
1656923016
1953476701
2366002151
1518087060
3249980111
3396064940
1053691325
1909382817
3740959177
3540812637
3989836643
2640304061
2644854441
595213812
283709241
1934222083
1587670664
348378294
3955487049
18562239
571334302
1529446068
77527733
4184791928
1446015465
901403716
390645858
2634404677
1358945826
3286133611
4156429300
597311870
110526922
1134512400
2503551250
2765718797
3880399493
509058596
2385911970
1251710055
2342822330
4181956248
1451700179
292072911
164989774
939165367
2591411126
216658048
2496013560
49773581
1477759419
2820695936
2257498321
3206291766
2469203393
1026249620
166203173
123566602
4196302648
613466709
3268717314
3266860206
140940726
3672338786
983666823
821433794
3898001814
3021153040
3140335773
2669932736
939973401
1676211705
3814298829
2191262858
3738214056
772455684
1696360781
2477686547
1177454461
3927731381
1061239345
2314363483
2990979895
1319732822
2378503766
988770008
2820329313
3314017339
4045295596
20222396
2901114302
2643092380
1242079035
2836209516
1009506459
562547739
611717825
1389823188
1654791713
4290685940
3989042796
3198036519
1996224037
1723140515
1093271522
3168839014
2321170041
3496647914
3848045526
3310881283
596399752
257087242
268075054
1279034056
1363659676
3614362958
668700693
3419477429
2394705601
1367693124
574625537
1548152484
3866787008
367575938
472381476
3104570580
3455229317
4027169315
3234084707
1483800171
362119119
1543860642
3889357256
2962270900
1688798925
238537619
1866928635
3136507331
476434317
2275947978
2435206523
1427293781
2677178270
2780369225
3057329662
1652462233
3789739439
2977526995
1711643857
3427265600
4099810611
2918056388
3103109700
1301790615
3609145565
167569490
1666076050
2409623112
2286166387
1675372151
893391995
1235111150
1288954229
3450970530
3385712112
3791085146
2664219972
1826294149
2730487722
3683763493
3761020488
1704030211
20044823
451342821
868842705
3717581172
3150589151
1952689515
4022198519
4016814638
1575214282
3910247342
2817115101
2095778421
3251169251
3327755937
3846637255
3715871319
2701270644
729653993
4184004100
1975655403
1578793926
3702895595
4212016187
3786390815
4034656118
132570275
2073875673
1418950456
2449178129
1201850976
3120710644
1203893608
4133227411
602558875
1143682555
1061236400
361695621
2870334386
1672542572
2480325106
3481982896
1275241964
1374730681
1247065642
1880091094
919350993
3961202808
3113033294
2736708843
1270402969
4215043037
271909462
2892733135
1528949151
1922785656
1915353231
1631739525
3398244366
1496007475
190011245
2654834303
491566126
2611008253
1944762296
1945273410
1396592428
3031817450
1988675301
1297987611
949719325
477176097
2877232803
3457689360
2467439793
690998487
4142827192
3168167492
3629190104
322867471
1139753080
2256018253
1858328406
1645406378
1163148245
4293291687
2932861050
813280130
2495956506
47101868
1232651499
2388860594
1926429586
169645227
1834976711
2857862454
3561072038
876285224
2329365562
567075445
2789216312
2537762501
1379240765
1317226102
2614433360
3139414088
1453076185
428280306
1391965371
2666937306
1924876745
1181468099
2204543379
76521425
1192470240
3197210498
2592475512
1129363679
1500825553
1990467570
1621033728
1187795426
3190741497
139342497
419505899
3574986765
1235393291
2351062934
3043815448
3704598524
2864649529
2863905537
606919548
3805757762
50818630
3748296802
2061399181
2588331703
1570217602
209085191
3060799391
1441854812
1265958404
1832305795
2508267442
1454897062
2333167199
1960533225
350932032
3130447702
1388781505
133161486
2899943702
308714327
3202731031
635402761
3809524193
2462250130
3629299641
3147583933
4050107406
1519992679
499840862
1881191732
582365712
3590426553
351431122
4264302714
3862442060
3650354388
4085998102
1216352089
1166072898
152226183
438404885
3379757971
563495418
2602694237
2986691142
2327247251
347939796
3270394106
1414326077
2824622500
3911453899
85357217
3815728458
4250291046
3759125263
80507741
1953131855
3886795825
2641527735
567874415
3863640484
1270825712
465602916
2302989825
2421838060
1108097696
1930049598
3975439331
3704249005
3308250971
169331941
3210760119
2529585945
4058782359
869519415
3813771187
2545944124
1913395282
1599247946
956812965
1183976737
2428264836
3344956157
3090086280
2029167329
1938896990
2287047197
3204942422
7490827
3699725587
1425101240
3308127044
2842518540
1696463611
4023686595
3198355972
151226560
3097697676
3756462085
3203569588
733538199
2309859143
454598486
3255992611
267985481
4159971287
2399122068
2305380748
620037619
1355899828
1310232460
3190636700
1412007810
2326835702
3644178749
3710265678
2683076867
1021617040
1295217379
703988237
697425503
3078290472
3139105426
2479276808
3533294981
602571690
694992728
2439073648
1788397205
714656127
278746377
3101458946
726711514
3497015639
1688029776
4092443009
973003251
2960946288
1565690689
3062503601
24514765
1220448478
2225720085
2450860997
4031974799
355243981
4291291082
1165685912
1048493559
2633126925
475383468
2521895460
3543882903
1841764230
884733394
350588690
2287163310
3035054990
2051313726
1146462836
290417230
2259692364
809999190
778184169
2421200544
2143511220
233717253
1638583159
1495597068
1538299143
1812971624
3168012285
177153480
2165910526
2336133491
1382194285
1551292008
3104615422
3539457660
52004876
2343902969
3390325162
1753030694
3334944707
1318158520
1843783657
4069156195
4009452072
57716615
3428019635
2899395365
804469416
1051925292
832234164
4285825794
3146643142
2079690208
1634423104
4070494610
4237142697
3135563217
45431203
1259767497
2426494161
2996102843
2373282405
1877120132
2932891917
1225759389
2624363778
2499520836
3733597221
920450489
3814407648
3046126229
2860390648
3500768484
3763746454
3744969248
2525765864
3828087465
3141472263
1346858681
3671283692
3295409501
2115223368
3417193768
354707960
2739165493
3571433773
3895192210
2324722813
3840596294
3620399054
4228834444
1355970417
3970101520
3088300549
2458585789
2887379947
328777016
693493963
1715215157
3916357939
2659135272
3841678275
4189969505
2728457932
2771688028
4148029377
1899227905
2173277844
1739264900
1155086576
2454187583
2312596478
822794588
391723095
3348530027
2290135803
431780170
3470516483
441201998
2259593793
716578948
219621465
4268341931
611803840
1634774198
3944956300
4143249530
4158480882
2949643248
1157734375
1051440900
2311357965
2245371506
2166294331
2306872105
2943828987
1654319502
3982696308
1935180509
4206002357
1633110191
4077993960
2279216130
480545130
3240270801
842830916
388379612
3538782277
2283507974
3419729543
845248230
3460030303
2632408530
3636306477
18956119
78155216
3878120532
2213395634
1369013477
3068703540
4200972045
1954507583
2410688254
2295729267
1904768267
3387508522
3264282828
1267999720
81242404
2361530438
1635154615
1051306747
1240218043
2430769018
2243116470
3721922733
4020444823
2195948243
1708130894
129741379
3469984693
3651073402
1022694403
4061101628
4067114804
783707915
3439805287
4228469200
4216201004
2368101366
882250945
347973211
530143329
1073367956
1741586803
2188226786
4052273176
1265157381
2862886335
3420425713
2089714648
2606643317
1944348176
3848500778
2204218388
1118949657
1881496565
848605054
2130680414
3513334789
3520372621
187736431
2060470116
1240250399
3958795472
2784523389
3522459551
561869422
4053882566
1345795334
1646098210
1311798126
1295837865
2380593323
2870480548
1608545632
1568712737
4005283351
3226055231
2023655670
2387041999
2354386279
2102214206
3112274025
366433819
267337525
1362700317
4173890145
1527390367
1731834363
2911812391
1441061227
1092964855
4063002518
1998777574
235109081
1276925818
1740070991
4149504216
2151988597
3676322515
1338351322
3430514996
2404760160
3872628494
1913975581
148289466
74010415
572998275
293210705
737928009
3356046020
604243677
3777870020
1414984077
1222143573
956246573
4048937245
1249680068
2766116276
345479275
856877865
1745018363
1810039487
2848778863
1642004773
1080791115
1787408373
2815478325
3803874449
1157990395
1985895332
2900166267
1804028686
1528150651
3121942184
1619581691
3522678376
1570664768
776626997
3408235104
2936071786
3354805446
3772540045
3638175487
2672241948
4219125234
2856568919
1401755122
472283087
2869920323
2825634263
2857676591
745812667
3311473457
730984716
3919785002
1554579060
2513686240
632535554
3638597022
3256714064
3699900066
2632690024
1629684649
205084968
1549655687
3339543673
629417092
3948038575
2507968970
1498231965
2493417095
153720469
3844047767
34348799
2912096213
3886291830
424028287
2857657673
944460124
2207561409
2990422503
981265546
2417036406
337794629
2028540051
2955234725
353041287
3013108056
2953966069
3484589575
1758508988
1907085134
4192996060
504881599
3511602077
1327074203
53623661
1964059231
3962887409
1089065004
2101222511
2847264449
810793493
3230289938
89372256
1767270026
1381880394
2170510561
135637695
795317625
1723367198
332252442
1418184083
3138579121
3464172711
578598123
2115376453
3480413810
351268335
1183482101
288202913
818936419
3977612271
4283527037
3955765610
1494653335
1668918523
490351090
2756081414
4149743734
3642564957
1810051345
3778911304
2332881721
2167315982
4109537840
673219362
831038673
1188419317
1332575711
3773761975
4176878476
2494886898
1100188697
2585166622
1558641365
3422269327
3830670011
1725609112
3903980856
1696413235
561506178
3188855841
2932421281
3499123048
2126009628
2054611606
3712785773
4158559967
4237372004
595221671
4285757327
2114932164
1124454170
3311043137
4024279959
1458873472
