0101010111000110001001100001100101010001101111000000010000011110
0011001110011110010100100001101000010100101110000110010000110100
0011000101101101101010001000111011010101010101110001101101110100
0001101110010001110001101100011111100001010001000101111111110011
1100001001010111110111010101110111001000000111110100011110111001
0111010110111110010101110101110011011000100011111011001011110100
0110010110110100100001011111011101000111111100001010011011101111
1000111001100010010100110101011011011001100000100110010010011000
1000000110011010001110111011010000100111010010011000010100000110
1011110010000000011011000000111111000100101010110000111001011110
1110010100010101000110000001111100100100000000101001110000010001
0110001010010110110101000010000000000001000011110110010110101110
0000110011001011100101101101100100111100010000110010001101110010
1111111010111111110110100010001000001100000110110010111011001010
0110001101011100011010101111100110110010001011000101111100001101
0110001011110110110011111000010010000110101101001010101111111000
0010001100001100011111110001111001111001101001100100000100001011
0010001100100110100101111111010111001110001000101011000100010110
0010000100000011100001010001010000010010010100110010101010111010
1101000111010100000000000101001111010001000010001100100000000010
1001011010110101101010001101001101001001000110000100101111000101
0111110110000000110110001100011100100000001010010010000111000111
1101000011000101100001110010101101000011010110000110000000010010
0001110100110001011011011010010101100010001111001110000110100011
0001001001110010110101000100000110100100011000000010010100000100
1010101100001110010000111110001001011011101110001010010101101110
1110010111100100000000010011010011010100010000101011001001111001
0101111100010011101000100111101101001001011010011100000011101101
0111101001101111101000101000000101110110100011110110101101011001
1101110001100000110011111101011011110010000111011010110100011011
0101101011011011101110000010100010111111010101011011001100001000
1001110010011111001010100001111010010000001000010010111100011001